[SC 16 10 5] 13.2 s
['SC', 16, 10, 5, 24, 12, np.float64(-18.06952951174527), 0.9726213005048961]
[SC 24 16 3] 5.3 s
['SC', 24, 16, 3, 34, 22, np.float64(-17.77348824454257), 0.9749863800394838]
[SC 24 16 5] 10.4 s
['SC', 24, 16, 5, 38, 18, np.float64(-17.941869425616606), 0.9744229272221041]
[SC 24 16 10] 22.7 s
['SC', 24, 16, 10, 42, 14, np.float64(-17.96414671510003), 0.9743281136458334]
[SC 24 16 20] 35.5 s
['SC', 24, 16, 20, 44, 12, np.float64(-17.966867248318138), 0.9743149247166873]
[SC 32 24 5] 13.0 s
['SC', 32, 24, 5, 52, 28, np.float64(-18.31368112058722), 0.9641257847402147]
[SC 48 24 5] 247.4 s
['SC', 48, 24, 5, 68, 28, np.float64(-18.276513385695218), 0.9611129308066996]
['SC-equalprob', 16, 0, 0, 16, 0, np.float64(-22.52846998563234), 0.9639427654839453]
['SC-equalprob', 32, 0, 0, 32, 0, np.float64(-21.52310277416346), 0.9217260093803276]
['SC-equalprob', 64, 0, 0, 64, 0, np.float64(-22.1230025127781), 0.9297605408196536]
[LG 16 10 5] 2.1 s
['LG', 16, 10, 5, 20, 16, np.float64(-0.8292019873163685), 0.5029092356949372]
[LG 24 16 3] 7.0 s
['LG', 24, 16, 3, 28, 28, np.float64(-0.18105429940103282), 0.4528609807412946]
[LG 24 16 5] 12.4 s
['LG', 24, 16, 5, 30, 26, np.float64(-0.18294319118159388), 0.4522410587578223]
[LG 24 16 10] 23.6 s
['LG', 24, 16, 10, 34, 22, np.float64(-0.18688993528698145), 0.45228356447484225]
[LG 24 16 20] 48.8 s
['LG', 24, 16, 20, 38, 18, np.float64(-0.1891662468904905), 0.452323835386722]
[LG 32 24 5] 14.1 s
['LG', 32, 24, 5, 42, 38, np.float64(1.0222353773089032), 0.39574984465522706]
[LG 48 24 5] 19.0 s
['LG', 48, 24, 5, 58, 38, np.float64(1.2543858188088486), 0.39583033070829343]
['LG-equalprob', 16, 0, 0, 16, 0, np.float64(1.5131555865377262), 0.34443958439585853]
['LG-equalprob', 32, 0, 0, 32, 0, np.float64(0.28083567062801174), 0.4343996884698514]
['LG-equalprob', 64, 0, 0, 64, 0, np.float64(0.791188791564718), 0.4264063212568244]
